_null_filler
TIC
102264230
173103335
437444661
278892590
281885301
318707987
301289516
68504570
4610830
68048686
366443426
332024125
266015990
56815340
363445121
60256211
2621212
15756231
444037742
2521105
437703489
429302040
294301883
178217113
12666215
7059054
428820090
388804061
366631954
366411016
332022997
284326455
281731203
18310799
135043332
10195089
98720809
84339983
434094657
399702475
38337202
38064757
366576758
366568760
366410512
363478257
287333762
26017005
175261852
14227229
771548
6892385
422349881
36592530
363548415
307733361
293375721
281886199
27635334
250977648
240766850
14635562
56399553
50171060
458686847
443616612
418761354
398572544
38114658
380907135
380619414
363573185
243244680
242988068
21244210
195193560
195193025
179012583
178941218
150096001
14111411
11439959
7020254
69747919
437704321
437695245
423358488
422349422
404421005
366528389
363445338
301235044
287331845
266030192
262715204
26078330
242961495
21221785
197249801
176966903
175236511
175233369
175194958
17307715
16288184
152852327
146364192
12611594
11442793
11270200
9002278
8609450
83181153
8150320
7673192
75266189
73355325
6962977
6850504
60286662
5792202
5689351
5436502
5351250
5301750
49462779
49430892
46259692
437054764
435339847
435339558
434226736
39926974
397052808
388897619
388811663
38354061
380583651
380255458
376939759
366484980
363444743
350020859
344657681
337748956
337632006
337607207
301610040
293460551
266014079
262662119
26055820
257774438
250996363
243014114
220604190
21337019
206284139
197246627
197221381
195192253
188570847
188507501
187273811
179032688
178999850
178269359
178266267
176868951
14570099
11968463
10397751
10187017
